	[4,3,0,0],
	[3,2,1,0],
	[3,2,1,0],
	[3,3,0,0],
	[3,2,0,0],
	[3,4,0,0],
	[4,7,0,0],
	[2,3,0,0],
	[3,3,0,0],
	[2,2,2,0],
	[4,2,0,0],
	[3,1,2,0],
	[6,5,0,0],
	[4,4,4,0],
	[4,2,1,0],
	[5,4,0,0],
	[3,1,1,0],
	[4,3,0,1],
	[3,2,2,0],
	[5,4,0,0],
	[3,2,2,0],
	[5,5,0,0],
	[3,4,0,0],
	[2,3,1,0],
	[2,2,2,0],
	[2,2,1,0],
	[2,3,0,2],
	[3,2,1,0],
	[5,3,1,1],
	[3,3,1,0],
	[5,3,0,1],
	[2,1,3,0],
	[5,8,0,0],
	[4,1,3,0],
	[4,5,0,0],
	[2,2,2,0],
	[2,3,1,0],
	[4,5,1,2],
	[2,3,1,0],
	[4,3,0,1],
	[3,2,0,0],
	[4,7,0,2],
	[1,4,3,3],
	[3,15,0,0],
	[8,1,0,3],
	[3,4,0,2],
	[4,6,0,0],
	[3,0,4,0],
	[4,6,0,1],
	[2,0,0,5],
	[4,4,0,0],
	[4,8,0,4],
	[7,2,0,0],
	[4,2,0,0],
	[2,1,0,0],
	[4,9,0,0],
	[3,0,2,4],
	[3,0,2,0],
	[1,4,0,0],
	[4,1,2,0],
	[6,6,0,0],
	[0,0,9,5],
	[4,5,5,0],
	[12,13,10,7],
	[5,4,3,0],
	[0,0,9,0],
	[13,0,9,3],
	[4,6,1,0],
	[3,0,2,0],
	[3,4,1,1],
	[9,7,0,0],
	[1,0,3,9],
	[1,8,2,0],
	[12,13,0,1],
	[3,5,0,2],
	[3,0,6,1],
	[2,3,0,3],
	[0,0,0,0],
	[3,8,14,5],
	[0,2,0,6],
	[8,1,1,0],
	[6,3,0,5],
	[2,0,6,0],
	[1,0,0,2],
	[5,2,0,3],
	[3,7,1,0],
	[4,10,0,4],
	[3,0,3,0],
	[4,6,3,0],
	[1,1,0,3],
	[5,2,0,0],
	[7,1,0,0],
	[4,2,5,0],
	[8,5,2,3],
	[0,2,0,6],
	[5,3,0,0],
	[4,8,3,4],
	[4,3,1,0],
	[3,2,1,0],
	[3,2,0,0],
	[3,3,0,0],
	[3,2,0,0],
	[3,9,1,0],
	[3,3,1,0],
	[3,0,0,0],
	[3,4,0,0],
	[4,3,2,0],
	[4,2,2,0],
	[4,4,0,0],
	[3,3,0,0],
	[4,4,0,1],
	[4,3,1,0],
	[3,4,0,0],
	[4,2,1,1],
	[4,4,0,0],
	[3,3,1,0],
	[4,3,0,0],
	[3,2,0,0],
	[4,3,0,0],
	[4,2,1,0],
	[4,3,0,0],
	[3,2,1,0],
	[4,3,1,0],
	[4,3,1,0]
