[173,25,128,225,4],
[147,163,6,130,4],
[56,20,21,32,4],
[63,5,26,32,4],
[90,0,0,290,4],
[84,193,397,401,4],
[13,0,0,180,4],
[83,49,95,99,4],
[191,27,136,283,4],
[86,95,42,178,4],
[118,76,316,185,4],
[81,64,69,154,4],
[92,56,55,117,4],
[72,18,37,54,4],
[6,2,102,775,4],
[92,178,108,111,4],
[135,12,72,177,4],
[81,74,808,63,4],
[52,91,78,167,4],
[30,20,20,48,4],
[72,7,52,42,4],
[115,42,70,94,4],
[80,59,175,192,4],
[66,19,24,25,4],
[73,121,178,200,4],
[29,4,17,13,4],
[69,12,91,57,4],
[91,72,95,168,4],
[62,71,103,103,4],
[66,27,37,66,4],
[352,227,155,731,4],
[616,257,0,433,4],
[339,242,82,33,4],
[66,9,37,39,4],
[56,197,10,332,4],
[70,25,52,43,4],
[282,77,2,158,4],
[80,89,10,120,4],
[59,32,23,44,4],
[80,24,51,84,4],
[62,35,22,60,4],
[71,15,37,62,4],
[134,62,93,222,4],
[60,8,7,29,4],
[82,14,33,89,4],
[568,247,301,441,4],
[605,27,0,532,4],
[64,9,13,31,4],
[74,16,40,64,4],
75,8,34,44,4],
[72,3,96,89,4],
[65,7,20,28,4],
[22,136,289,317,4],
[62,5,12,12,4],
[981,169,229,913,4],
[109,115,309,659,4],
[79,32,98,208,4],
[0,0,164,246,4],
[55,6,6,16,4],
[89,27,64,57,4],
[348,252,270,256,4],
[72,38,42,61,4],
[110,148,4,125,4],
[521,19,177,16,4],
[149,160,247,170,4],
[270,32,97,118,4],
[802,91,0,371,4],
[63,60,113,77,4],
[70,32,112,93,4],
[54,5,6,17,4],
[60,20,18,31,4],
[125,79,145,295,4],
[67,13,10,27,4],
[68,12,32,69,4],
[69,47,48,100,4],
[47,67,88,154,4],
[79,116,107,194,4],
[84,20,48,58,4],
[78,14,35,60,4],
[82,36,41,39,4],
[23,197,185,245,4],
[73,50,128,45,4],
[65,8,14,22,4],
[80,13,108,48,4],
[68,39,94,58,4],
[75,9,63,42,4],
[244,127,329,312,4],
[1023,361,579,344,4],
[268,69,492,164,4],
[208,60,473,250,4],
[85,0,273,146,4]
